25,35
17,2
17,1
17,3
15,2
15,1
15,3
16,2
16,1
16,3
13,2
14,2
4,40
4,41
4,4
4,33
4,78
4,20
4,25
4,74
4,30
4,31
4,1
4,15
4,2
4,3
6,7
6,1
6,5
6,2
6,3
7,10
7,12
7,4
7,11
7,5
7,6
7,1
7,9
7,2
7,3
5,4
5,2
5,1
5,3
3,2
3,1
3,3
10,314
10,156
10,197
10,234
10,208
10,279
10,261
10,183
12,2
12,1
12,3
20,2
20,1
20,3
19,2
19,1
19,3
11,30
11,29
11,28
11,27
11,26
11,25
11,24
11,23
11,22
11,21
11,20
11,19
11,18
11,17
11,16
11,15
11,14
11,13
11,12
11,11
11,10
11,9
11,8
11,7
11,6
11,5
11,4
11,3
11,2
11,1
11,0
10,127
10,126
10,95
10,94
10,93
10,92
10,91
10,90
10,89
10,88
10,87
